Version 0.9.7
5
 4 10 175 77 128 0 1
 5 155 398 206 81 2 2
 0 110 110 877 276 8 3
 3 157 48 203 58 140 4
 3 516 45 203 58 163 5
 1
51
 255 5 71 189 71 189 71 137 71 137 163 137 163 137 0 1 0 3
 255 5 930 137 930 137 978 137 978 371 930 371 930 371 0 3 0 3
 0 5 71 288 71 288 71 358 71 358 163 358 163 358 0 1 0 3
 0 5 930 358 930 358 993 358 993 124 930 124 930 124 0 3 0 3
 0 5 293 319 293 319 293 319 293 358 293 358 293 358 0 3 0 3
 255 5 202 176 202 176 202 176 202 137 202 137 202 137 0 3 0 3
 0 5 168 85 168 85 168 124 168 124 163 124 163 124 0 4 0 3
 16711935 5 228 176 228 176 228 133 343 133 343 92 343 92 0 3 0 4
 16711935 5 241 176 241 176 241 122 323 122 323 92 323 92 0 3 0 4
 16711935 5 254 176 254 176 254 113 303 113 303 92 303 92 0 3 0 4
 255 5 280 215 280 215 280 215 280 280 280 280 280 280 0 3 0 3
 255 5 176 371 176 371 176 409 176 409 170 409 170 409 0 3 0 2
 0 5 176 358 176 358 184 358 184 467 170 467 170 467 0 3 0 2
 65280 5 215 319 215 319 215 384 328 384 328 409 328 409 0 3 0 2
 255 5 358 176 358 176 358 176 358 137 358 137 358 137 0 3 0 3
 255 5 514 176 514 176 514 176 514 137 514 137 514 137 0 3 0 3
 0 5 449 319 449 319 449 319 449 358 449 358 449 358 0 3 0 3
 0 5 605 319 605 319 605 319 605 358 605 358 605 358 0 3 0 3
 65535 5 371 319 371 319 371 319 371 358 371 358 371 358 0 3 0 3
 65535 5 384 319 384 319 384 319 384 358 384 358 384 358 0 3 0 3
 65535 5 371 124 371 124 371 124 371 176 371 176 371 176 0 3 0 3
 65535 5 384 124 384 124 384 124 384 124 384 176 384 176 0 3 0 3
 65535 5 397 124 397 124 397 124 397 176 397 176 397 176 0 3 0 3
 0 5 436 319 436 319 436 319 436 358 436 358 436 358 0 3 0 3
 8421440 5 462 228 462 228 462 228 462 267 462 267 462 267 0 3 0 3
 8421440 5 462 280 462 280 462 280 514 280 514 280 514 280 0 3 0 3
 16711808 5 475 228 475 228 475 228 475 267 475 267 475 267 0 3 0 3
 16711808 5 475 293 475 293 475 293 527 293 527 293 527 293 0 3 0 3
 33023 5 488 228 488 228 488 228 488 267 488 267 488 267 0 3 0 3
 33023 5 488 306 488 306 488 300 540 300 540 306 540 306 0 3 0 3
 0 5 527 82 527 82 527 82 527 124 527 124 527 124 0 5 0 3
 16776960 5 562 89 562 89 562 164 527 164 527 176 527 176 0 5 0 3
 16776960 5 540 189 540 189 582 189 582 189 582 89 582 89 0 3 0 5
 16776960 5 592 280 592 280 702 280 702 280 702 89 702 89 0 3 0 5
 33023 5 488 215 488 215 488 215 449 215 449 215 449 215 0 3 0 3
 16711808 5 475 202 475 202 475 202 436 202 436 202 436 202 0 3 0 3
 8421440 5 462 189 462 189 462 189 423 189 423 189 423 189 0 3 0 3
 16776960 5 553 202 553 202 602 202 602 202 602 89 602 89 0 3 0 5
 16776960 5 566 215 566 215 622 215 622 215 622 89 622 89 0 3 0 5
 16776960 5 579 176 579 176 642 176 642 176 642 89 642 89 0 3 0 5
 16776960 5 592 189 592 189 662 189 662 189 662 89 662 89 0 3 0 5
 16776960 5 605 202 605 202 682 202 682 202 682 89 682 89 0 3 0 5
 65535 5 397 319 397 319 397 319 397 358 397 358 397 358 0 3 0 3
 65535 5 410 124 410 124 410 124 410 176 410 176 410 176 0 3 0 3
 65535 5 358 319 358 319 358 319 358 358 358 358 358 358 0 3 0 3
 255 5 293 137 293 137 293 137 293 176 293 176 293 176 0 3 0 3
 255 5 579 319 579 319 579 319 579 371 579 371 579 371 0 3 0 3
 0 5 566 319 566 319 566 319 566 358 566 358 566 358 0 3 0 3
 16776960 5 436 176 436 176 436 176 436 137 436 137 436 137 0 3 0 3
 16776960 5 423 137 423 137 423 137 423 176 423 176 423 176 0 3 0 3
 16776960 5 449 176 449 176 449 176 449 137 449 137 449 137 0 3 0 3
3
 7161 1 16 196 228 5 0 0 8583448 3
 7151 1 16 352 228 5 0 0 8583448 3
 7138 1 16 508 228 5 0 0 8583448 3
