Version 0.9.7
4
 4 348 345 77 128 0 1
 5 896 542 206 81 2 2
 0 432 263 877 276 8 3
 3 698 205 203 58 152 4
 1
60
 255 5 409 359 409 359 409 290 409 290 485 290 485 290 0 1 0 3
 255 5 1252 290 1252 290 1315 290 1315 524 1252 524 1252 524 0 3 0 3
 0 5 1252 277 1252 277 1324 277 1324 511 1252 511 1252 511 0 3 0 3
 0 5 409 458 409 458 409 511 409 511 485 511 485 511 0 1 0 3
 0 5 628 472 628 472 628 472 628 511 628 511 628 511 0 3 0 3
 0 5 810 472 810 472 810 472 810 511 810 511 810 511 0 3 0 3
 255 5 537 329 537 329 537 329 537 290 537 290 537 290 0 3 0 3
 65408 5 576 277 576 277 576 277 576 329 576 329 576 329 0 3 0 3
 65408 5 563 277 563 277 563 277 563 329 563 329 563 329 0 3 0 3
 65408 5 550 277 550 277 550 277 550 329 550 329 550 329 0 3 0 3
 65408 5 537 472 537 472 537 472 537 511 537 511 537 511 0 3 0 3
 65408 5 550 472 550 472 550 472 550 511 550 511 550 511 0 3 0 3
 65408 5 563 472 563 472 563 472 563 511 563 511 563 511 0 3 0 3
 65408 5 576 472 576 472 576 472 576 511 576 511 576 511 0 3 0 3
 0 5 615 472 615 472 615 472 615 511 615 511 615 511 0 3 0 3
 255 5 784 472 784 472 784 472 784 511 784 511 784 511 0 3 0 3
 0 5 771 472 771 472 771 472 771 524 771 524 771 524 0 3 0 3
 0 5 709 242 709 242 719 242 719 242 719 277 719 277 0 4 0 3
 16711935 5 797 433 797 433 797 433 823 433 823 433 823 433 0 3 0 3
 16711935 5 823 420 823 420 823 420 823 381 823 381 823 381 0 3 0 3
 16711935 5 823 329 823 329 823 304 884 304 884 249 884 249 0 3 0 4
 8454143 5 706 381 706 381 706 381 706 420 706 420 706 420 0 3 0 3
 8454143 5 706 433 706 433 706 433 706 433 719 433 719 433 0 3 0 3
 16777088 5 615 355 615 355 615 355 693 355 693 355 693 355 0 3 0 3
 8454143 5 706 368 706 368 706 368 602 368 602 368 602 368 0 3 0 3
 16777088 5 732 446 732 446 732 446 693 446 693 446 693 446 0 3 0 3
 16777088 5 693 420 693 420 693 420 693 381 693 381 693 381 0 3 0 3
 33023 5 628 342 628 342 628 342 680 342 680 342 680 342 0 3 0 3
 33023 5 745 459 745 459 745 459 680 459 680 459 680 459 0 3 0 3
 33023 5 680 381 680 381 680 381 680 420 680 420 680 420 0 3 0 3
 4194432 5 589 472 589 472 589 480 758 480 758 472 758 472 0 3 0 3
 255 5 719 329 719 329 719 329 719 290 719 290 719 290 0 3 0 3
 16711935 5 732 329 732 329 732 249 732 249 744 249 744 249 0 3 0 4
 16711935 5 764 249 764 257 743 257 743 329 745 329 745 329 0 4 0 3
 16711935 5 784 249 774 249 774 265 758 265 758 329 758 329 0 4 0 3
 16711935 5 804 249 804 270 773 270 773 329 771 329 771 329 0 4 0 3
 16711935 5 784 329 784 329 784 279 824 279 824 249 824 249 0 3 0 4
 16711935 5 844 249 844 288 800 288 800 329 797 329 797 329 0 4 0 3
 16711935 5 810 329 810 329 810 296 864 296 864 249 864 249 0 3 0 4
 255 5 901 329 901 329 901 329 901 290 901 290 901 290 0 3 0 3
 255 5 1083 290 1083 290 1083 290 1083 329 1083 329 1083 329 0 3 0 3
 0 5 992 472 992 472 992 472 992 511 992 511 992 511 0 3 0 3
 0 5 1174 472 1174 472 1174 472 1174 511 1174 511 1174 511 0 3 0 3
 0 5 888 511 888 511 888 611 888 611 911 611 911 611 0 3 0 2
 255 5 901 524 901 524 901 553 901 553 911 553 911 553 0 3 0 2
 16776960 5 888 472 888 472 888 496 1069 496 1069 553 1069 553 0 3 0 2
 16776960 5 888 459 888 459 888 459 901 459 901 459 901 459 0 3 0 3
 16776960 5 888 381 888 381 888 381 888 420 888 420 888 420 0 3 0 3
 16776960 5 940 355 940 355 940 355 888 355 888 355 888 355 0 3 0 3
 16776960 5 888 446 888 446 888 439 1083 439 1083 446 1083 446 0 3 0 3
 16711680 5 953 433 953 433 953 424 680 424 680 433 680 433 0 3 0 3
 16711680 5 914 472 914 472 914 472 927 472 927 472 927 472 0 3 0 3
 16711680 5 927 459 927 459 927 459 1005 459 1005 459 1005 459 0 3 0 3
 16711680 5 1005 420 1005 420 1005 420 1005 368 1005 368 1005 368 0 3 0 3
 16711680 5 992 355 992 355 992 355 1005 355 1005 355 1005 355 0 3 0 3
 16711680 5 992 329 992 329 992 335 693 335 693 329 693 329 0 3 0 3
 65280 5 966 355 966 355 966 355 953 355 953 355 953 355 0 3 0 3
 65280 5 953 368 953 368 953 407 1135 407 1135 433 1135 433 0 3 0 3
 65280 5 589 329 589 329 589 329 589 290 589 290 589 290 0 3 0 3
 65280 5 706 355 706 355 706 390 1142 390 1142 446 1135 446 0 3 0 3
4
 7151 1 16 531 381 5 0 11921168 0 3
 7138 1 16 713 381 5 0 11921168 0 3
 7112 1 16 895 381 5 0 11921168 0 3
 7112 1 16 1077 381 5 0 11921168 0 3
