Version 0.9.7
4
 4 357 379 77 128 0 1
 5 480 572 206 81 2 2
 0 441 289 877 276 8 3
 3 551 168 203 58 140 4
 1
41
 255 5 418 393 418 393 418 316 418 316 494 316 494 316 0 1 0 3
 255 5 1261 316 1261 316 1343 316 1343 550 1261 550 1261 550 0 3 0 3
 65793 5 418 492 418 492 418 537 418 537 494 537 494 537 0 1 0 3
 65793 5 1261 303 1261 303 1358 303 1358 537 1261 537 1261 537 0 3 0 3
 255 5 546 355 546 355 546 355 546 316 546 316 546 316 0 3 0 3
 65793 5 637 498 637 498 637 498 637 537 637 537 637 537 0 3 0 3
 0 5 507 537 507 537 507 641 507 641 495 641 495 641 0 3 0 2
 0 5 562 205 562 205 507 205 507 205 507 303 507 303 0 4 0 3
 255 5 819 316 819 316 819 316 819 355 819 355 819 355 0 3 0 3
 0 5 910 498 910 498 910 498 910 537 910 537 910 537 0 3 0 3
 16776960 5 611 355 611 355 611 355 650 355 650 355 650 355 0 3 0 3
 16776960 5 598 368 598 368 598 368 650 368 650 368 650 368 0 3 0 3
 16776960 5 559 498 559 498 559 498 650 498 650 498 650 498 0 3 0 3
 16776960 5 572 485 572 485 572 485 650 485 650 485 650 485 0 3 0 3
 16776960 5 884 394 884 394 884 394 806 394 806 394 806 394 0 3 0 3
 16776960 5 871 381 871 381 871 381 806 381 806 381 806 381 0 3 0 3
 16776960 5 845 498 845 498 845 498 845 498 806 498 806 498 0 3 0 3
 16776960 5 832 485 832 485 832 478 806 478 806 485 806 485 0 3 0 3
 16776960 5 806 407 806 407 806 407 806 446 806 446 806 446 0 3 0 3
 16776960 5 650 407 650 407 650 407 650 446 650 446 650 446 0 3 0 3
 16776960 5 650 459 650 459 650 459 728 459 728 459 728 459 0 3 0 3
 16776960 5 806 472 806 472 806 472 728 472 728 472 728 472 0 3 0 3
 16711935 5 598 459 598 459 598 459 533 459 533 459 533 459 0 3 0 3
 16711935 5 533 407 533 407 533 407 533 446 533 446 533 446 0 3 0 3
 16711935 5 871 459 871 459 871 459 793 459 793 459 793 459 0 3 0 3
 16711935 5 793 446 793 446 793 446 793 407 793 407 793 407 0 3 0 3
 255 5 494 550 494 550 494 583 494 583 495 583 495 583 0 3 0 2
 16711935 5 533 368 533 368 533 368 585 368 585 368 585 368 0 3 0 3
 16711935 5 637 394 637 394 637 394 780 394 780 394 780 394 0 3 0 3
 16711935 5 780 407 780 407 780 407 780 446 780 446 780 446 0 3 0 3
 16711935 5 780 485 780 485 819 485 819 485 819 472 819 472 0 3 0 3
 16711935 5 793 355 793 355 793 355 858 355 858 355 858 355 0 3 0 3
 4259584 5 597 212 597 212 597 284 910 284 910 355 910 355 0 4 0 3
 4259584 5 637 381 637 381 637 381 637 212 637 212 637 212 0 3 0 4
 4259584 5 598 472 598 472 598 472 689 472 689 472 689 472 0 3 0 3
 4259584 5 689 446 689 446 689 446 689 407 689 407 689 407 0 3 0 3
 4259584 5 871 498 871 498 871 505 741 505 741 498 741 498 0 3 0 3
 4259584 5 741 446 741 446 741 446 741 407 741 407 741 407 0 3 0 3
 4259584 5 689 355 689 355 689 273 657 273 657 212 657 212 0 3 0 4
 4259584 5 741 355 741 355 741 259 617 259 617 212 617 212 0 3 0 4
 16711808 5 546 498 546 498 546 560 653 560 653 583 653 583 0 3 0 2
2
 7112 1 16 540 407 5 0 0 8583448 3
 7112 1 16 813 407 5 0 0 8583448 3
