Version 0.9.7
5
 4 62 385 77 128 0 1
 5 174 585 206 81 2 2
 0 145 304 877 276 8 3
 3 211 230 203 58 140 4
 6 421 159 449 130 157 5
 1
41
 65793 5 123 498 123 498 123 552 123 552 198 552 198 552 0 1 0 3
 255 5 123 399 123 399 123 331 123 331 198 331 198 331 0 1 0 3
 255 5 965 331 965 331 1047 331 1047 565 965 565 965 565 0 3 0 3
 0 5 965 552 965 552 1062 552 1062 318 965 318 965 318 0 3 0 3
 0 5 393 513 393 513 393 513 393 552 393 552 393 552 0 3 0 3
 255 5 302 370 302 370 302 370 302 331 302 331 302 331 0 3 0 3
 255 5 367 370 367 370 367 370 367 331 367 331 367 331 0 3 0 3
 255 5 354 331 354 331 354 331 354 370 354 370 354 370 0 3 0 3
 0 5 222 267 222 267 198 267 198 267 198 318 198 318 0 4 0 3
 16776960 5 393 383 393 383 393 383 406 383 406 383 406 383 0 3 0 3
 16776960 5 406 422 406 422 406 422 406 461 406 461 406 461 0 3 0 3
 16776960 5 315 513 315 513 315 513 328 513 328 513 328 513 0 3 0 3
 16776960 5 328 500 328 500 328 500 328 500 406 500 406 500 0 3 0 3
 255 5 189 596 189 596 198 596 198 596 198 565 198 565 0 2 0 3
 0 5 211 552 211 552 211 654 211 654 189 654 189 654 0 3 0 2
 4259584 5 397 274 397 274 393 274 393 274 393 370 393 370 0 4 0 3
 4259584 5 354 474 354 474 354 474 289 474 289 474 289 474 0 3 0 3
 4259584 5 289 461 289 461 289 461 289 422 289 422 289 422 0 3 0 3
 4259584 5 289 370 289 370 289 298 377 298 377 274 377 274 0 3 0 4
 12615935 5 276 461 276 461 276 461 276 422 276 422 276 422 0 3 0 3
 12615935 5 276 500 276 500 276 500 302 500 302 500 302 500 0 3 0 3
 12615935 5 276 513 276 513 276 573 347 573 347 596 347 596 0 3 0 2
 12615935 5 341 396 341 396 341 396 276 396 276 396 276 396 0 3 0 3
 255 5 510 370 510 370 510 370 510 331 510 331 510 331 0 3 0 3
 0 5 601 513 601 513 601 513 601 552 601 552 601 552 0 3 0 3
 16384 5 549 474 549 474 549 474 562 474 562 474 562 474 0 3 0 3
 16711680 5 523 513 523 513 523 513 523 552 523 552 523 552 0 3 0 3
 16711680 5 575 513 575 513 575 513 575 552 575 552 575 552 0 3 0 3
 65280 5 393 409 393 409 393 409 497 409 497 409 497 409 0 3 0 3
 65280 5 497 422 497 422 497 422 497 461 497 461 497 461 0 3 0 3
 0 5 549 500 549 500 549 500 536 500 536 500 536 500 0 3 0 3
 16711935 5 562 370 562 370 562 350 471 350 471 282 471 282 0 3 0 5
 16711935 5 458 282 458 282 458 359 549 359 549 370 549 370 0 5 0 3
 16711935 5 575 370 575 370 575 340 484 340 484 282 484 282 0 3 0 5
 16711935 5 588 370 588 370 588 328 497 328 497 282 497 282 0 3 0 5
 16711935 5 601 370 601 370 601 317 510 317 510 282 510 282 0 3 0 5
 16711935 5 523 370 523 370 523 370 523 282 523 282 523 282 0 3 0 5
 16711935 5 536 282 536 282 536 282 536 370 536 370 536 370 0 5 0 3
 255 5 437 186 437 186 437 331 437 331 432 331 432 331 0 5 0 3
 65280 5 354 487 354 487 354 487 510 487 510 487 510 487 0 3 0 3
 65280 5 497 513 497 513 497 519 588 519 588 513 588 513 0 3 0 3
2
 7112 1 16 296 422 5 0 0 8583448 3
 7047 1 16 504 422 5 0 13658992 0 3
