Version 0.9.7
4
 4 10 175 77 128 0 1
 5 155 398 206 81 2 2
 0 110 110 877 276 8 3
 3 157 48 203 58 140 4
 1
16
 255 5 71 189 71 189 71 137 71 137 163 137 163 137 0 1 0 3
 255 5 930 137 930 137 978 137 978 371 930 371 930 371 0 3 0 3
 0 5 71 288 71 288 71 358 71 358 163 358 163 358 0 1 0 3
 0 5 930 358 930 358 993 358 993 124 930 124 930 124 0 3 0 3
 0 5 293 319 293 319 293 319 293 358 293 358 293 358 0 3 0 3
 255 5 202 176 202 176 202 176 202 137 202 137 202 137 0 3 0 3
 0 5 168 85 168 85 168 124 168 124 163 124 163 124 0 4 0 3
 16711935 5 228 176 228 176 228 133 343 133 343 92 343 92 0 3 0 4
 16711935 5 241 176 241 176 241 122 323 122 323 92 323 92 0 3 0 4
 16711935 5 254 176 254 176 254 113 303 113 303 92 303 92 0 3 0 4
 255 5 280 215 280 215 280 215 280 280 280 280 280 280 0 3 0 3
 255 5 280 319 280 319 280 319 280 371 280 371 280 371 0 3 0 3
 255 5 293 176 293 176 293 176 293 137 293 137 293 137 0 3 0 3
 255 5 176 371 176 371 176 409 176 409 170 409 170 409 0 3 0 2
 0 5 176 358 176 358 184 358 184 467 170 467 170 467 0 3 0 2
 65280 5 215 319 215 319 215 384 328 384 328 409 328 409 0 3 0 2
1
 7161 1 16 196 228 5 0 0 8583448 3
