Version 0.9.7
4
 4 348 345 77 128 0 1
 5 80 400 206 81 2 2
 0 432 263 877 276 8 3
 3 698 205 203 58 152 4
 0
39
 255 5 409 359 409 359 409 290 409 290 485 290 485 290 0 1 0 3
 255 5 1252 290 1252 290 1315 290 1315 524 1252 524 1252 524 0 3 0 3
 0 5 1252 277 1252 277 1324 277 1324 511 1252 511 1252 511 0 3 0 3
 0 5 409 458 409 458 409 511 409 511 485 511 485 511 0 1 0 3
 0 5 628 472 628 472 628 472 628 511 628 511 628 511 0 3 0 3
 0 5 810 472 810 472 810 472 810 511 810 511 810 511 0 3 0 3
 255 5 537 329 537 329 537 329 537 290 537 290 537 290 0 3 0 3
 255 5 706 290 706 290 706 290 706 329 706 329 706 329 0 3 0 3
 65408 5 589 277 589 277 589 277 589 329 589 329 589 329 0 3 0 3
 65408 5 576 277 576 277 576 277 576 329 576 329 576 329 0 3 0 3
 65408 5 563 277 563 277 563 277 563 329 563 329 563 329 0 3 0 3
 65408 5 550 277 550 277 550 277 550 329 550 329 550 329 0 3 0 3
 65408 5 537 472 537 472 537 472 537 511 537 511 537 511 0 3 0 3
 65408 5 550 472 550 472 550 472 550 511 550 511 550 511 0 3 0 3
 65408 5 563 472 563 472 563 472 563 511 563 511 563 511 0 3 0 3
 65408 5 576 472 576 472 576 472 576 511 576 511 576 511 0 3 0 3
 0 5 615 472 615 472 615 472 615 511 615 511 615 511 0 3 0 3
 255 5 784 472 784 472 784 472 784 511 784 511 784 511 0 3 0 3
 0 5 771 472 771 472 771 472 771 524 771 524 771 524 0 3 0 3
 0 5 709 242 709 242 719 242 719 242 719 277 719 277 0 4 0 3
 16711935 5 719 329 719 329 719 306 744 306 744 249 744 249 0 3 0 4
 16711935 5 732 329 732 329 732 313 752 313 752 249 764 249 0 3 0 4
 16711935 5 745 329 745 319 763 319 763 256 784 256 784 249 0 3 0 4
 16711935 5 758 329 758 328 775 328 775 264 804 264 804 249 0 3 0 4
 16711935 5 771 342 771 342 785 342 785 271 824 271 824 249 0 3 0 4
 16711935 5 784 355 784 355 795 355 795 279 844 279 844 249 0 3 0 4
 16711935 5 810 329 810 329 810 287 864 287 864 249 864 249 0 3 0 4
 16711935 5 797 433 797 433 797 433 823 433 823 433 823 433 0 3 0 3
 16711935 5 823 420 823 420 823 420 823 381 823 381 823 381 0 3 0 3
 16711935 5 823 329 823 329 823 296 884 296 884 249 884 249 0 3 0 4
 8454143 5 706 381 706 381 706 381 706 420 706 420 706 420 0 3 0 3
 8454143 5 706 433 706 433 706 433 719 433 719 433 719 433 0 3 0 3
 16777088 5 615 355 615 355 615 355 693 355 693 355 693 355 0 3 0 3
 8454143 5 706 368 706 368 706 368 602 368 602 368 602 368 0 3 0 3
 16777088 5 732 446 732 446 732 446 693 446 693 446 693 446 0 3 0 3
 16777088 5 693 420 693 420 693 420 693 381 693 381 693 381 0 3 0 3
 33023 5 628 342 628 342 628 342 680 342 680 342 680 342 0 3 0 3
 33023 5 745 459 745 459 745 459 680 459 680 459 680 459 0 3 0 3
 33023 5 680 381 680 381 680 381 680 420 680 420 680 420 0 3 0 3
2
 7151 1 16 531 381 5 0 11921168 0 3
 7138 1 16 713 381 5 0 11921168 0 3
