Version 0.9.7
6
 4 12 175 77 128 0 1
 5 80 400 206 81 2 2
 0 100 90 877 276 8 3
 1 239 383 206 81 140 4
 1 517 381 206 81 154 5
 3 103 24 203 58 208 6
 0
53
 255 5 73 189 73 189 73 117 73 117 153 117 153 117 0 1 0 3
 255 5 920 117 920 117 986 117 986 351 920 351 920 351 0 3 0 3
 0 5 73 288 73 288 73 338 73 338 153 338 153 338 0 1 0 3
 0 5 920 104 920 104 996 104 996 338 920 338 920 338 0 3 0 3
 0 5 426 299 426 299 426 299 426 338 426 338 426 338 0 3 0 3
 255 5 335 117 335 117 335 117 335 156 335 156 335 156 0 3 0 3
 255 5 166 351 166 351 166 394 166 394 254 394 254 394 0 3 0 4
 0 5 179 338 179 338 179 452 179 452 254 452 254 452 0 3 0 4
 12615935 5 387 260 387 260 387 260 322 260 322 260 322 260 0 3 0 3
 12615935 5 322 299 322 299 322 363 428 363 428 394 428 394 0 3 0 4
 12615935 5 361 273 361 273 361 273 361 273 309 273 309 273 0 3 0 3
 12615935 5 309 299 309 299 309 370 409 370 409 394 409 394 0 3 0 4
 12615935 5 361 169 361 169 361 169 296 169 296 169 296 169 0 3 0 3
 12615935 5 296 208 296 208 296 208 296 247 296 247 296 247 0 3 0 3
 12615935 5 296 299 296 299 296 377 390 377 390 394 390 394 0 3 0 4
 12615935 5 387 182 387 182 387 182 283 182 283 182 283 182 0 3 0 3
 12615935 5 283 208 283 208 283 208 283 247 283 247 283 247 0 3 0 3
 12615935 5 283 299 283 299 283 385 371 385 371 394 371 394 0 3 0 4
 255 5 491 156 491 156 491 156 491 117 491 117 491 117 0 3 0 3
 0 5 569 299 569 299 569 299 569 338 569 338 569 338 0 3 0 3
 255 5 532 392 532 392 452 392 452 392 452 351 452 351 0 5 0 3
 65793 5 465 338 465 338 465 450 465 450 532 450 532 450 0 3 0 5
 16711680 5 504 195 504 195 504 195 582 195 582 195 582 195 0 3 0 3
 16711680 5 582 208 582 208 582 208 582 247 582 247 582 247 0 3 0 3
 16711680 5 543 182 543 182 543 182 595 182 595 182 595 182 0 3 0 3
 16711680 5 595 208 595 208 595 208 595 247 595 247 595 247 0 3 0 3
 16711680 5 582 299 582 299 582 392 582 392 573 392 573 392 0 3 0 5
 16711680 5 595 299 595 299 595 392 595 392 592 392 592 392 0 3 0 5
 16711680 5 530 286 530 286 530 286 608 286 608 286 608 286 0 3 0 3
 16711680 5 491 273 491 273 491 273 621 273 621 273 621 273 0 3 0 3
 16711680 5 608 299 608 299 608 392 608 392 611 392 611 392 0 3 0 5
 16711680 5 621 299 621 299 621 392 621 392 630 392 630 392 0 3 0 5
 65280 5 517 182 517 182 517 175 634 175 634 182 634 182 0 3 0 3
 65280 5 556 169 556 169 556 169 556 169 634 169 634 169 0 3 0 3
 65280 5 634 208 634 208 634 208 634 247 634 247 634 247 0 3 0 3
 65280 5 634 286 634 286 634 279 504 279 504 286 504 286 0 3 0 3
 65280 5 543 260 543 260 543 260 634 260 634 260 634 260 0 3 0 3
 65280 5 634 299 634 299 634 377 649 377 649 392 649 392 0 3 0 5
 65280 5 634 273 634 273 634 267 413 267 413 273 413 273 0 3 0 3
 16776960 5 517 299 517 299 517 299 478 299 478 299 478 299 0 3 0 3
 16776960 5 478 286 478 286 478 292 400 292 400 286 400 286 0 3 0 3
 16776960 5 556 299 556 299 556 306 465 306 465 299 465 299 0 3 0 3
 16776960 5 465 286 465 286 465 286 465 286 348 286 348 286 0 3 0 3
 16776960 5 569 156 569 156 569 156 452 156 452 156 452 156 0 3 0 3
 16776960 5 530 169 530 169 530 169 439 169 439 169 439 169 0 3 0 3
 16776960 5 452 182 452 182 452 189 348 189 348 182 348 182 0 3 0 3
 16776960 5 439 156 439 156 439 156 439 156 400 156 400 156 0 3 0 3
 33023 5 426 169 426 169 426 13 132 13 132 68 149 68 0 3 0 6
 0 5 114 61 114 61 114 104 114 104 153 104 153 104 0 6 0 3
 65535 5 374 273 374 273 374 201 289 201 289 68 289 68 0 3 0 6
 65535 5 335 299 335 299 335 211 269 211 269 68 269 68 0 3 0 6
 65535 5 374 156 374 156 374 146 249 146 249 68 249 68 0 3 0 6
 65535 5 413 169 413 169 413 136 229 136 229 68 229 68 0 3 0 6
2
 7283 1 16 329 208 5 0 0 8583448 3
 7086 1 14 485 208 5 0 0 8583448 3
