Version 0.9.7
6
 4 10 175 77 128 0 1
 5 183 389 206 81 2 2
 0 110 110 877 276 8 3
 3 157 48 203 58 140 4
 3 374 47 203 58 149 5
 1 447 450 206 81 230 6
 1
62
 255 5 71 189 71 189 71 137 71 137 163 137 163 137 0 1 0 3
 255 5 930 137 930 137 978 137 978 371 930 371 930 371 0 3 0 3
 0 5 71 288 71 288 71 358 71 358 163 358 163 358 0 1 0 3
 0 5 930 358 930 358 993 358 993 124 930 124 930 124 0 3 0 3
 0 5 293 319 293 319 293 319 293 358 293 358 293 358 0 3 0 3
 255 5 202 176 202 176 202 176 202 137 202 137 202 137 0 3 0 3
 0 5 168 85 168 85 168 124 168 124 163 124 163 124 0 4 0 3
 16711935 5 228 176 228 176 228 133 343 133 343 92 343 92 0 3 0 4
 16711935 5 241 176 241 176 241 122 323 122 323 92 323 92 0 3 0 4
 16711935 5 254 176 254 176 254 113 303 113 303 92 303 92 0 3 0 4
 0 5 176 358 176 358 176 458 176 458 198 458 198 458 0 3 0 2
 255 5 358 176 358 176 358 176 358 137 358 137 358 137 0 3 0 3
 255 5 514 176 514 176 514 176 514 137 514 137 514 137 0 3 0 3
 0 5 449 319 449 319 449 319 449 358 449 358 449 358 0 3 0 3
 0 5 605 319 605 319 605 319 605 358 605 358 605 358 0 3 0 3
 0 5 436 319 436 319 436 319 436 358 436 358 436 358 0 3 0 3
 16711808 5 475 228 475 228 475 228 475 267 475 267 475 267 0 3 0 3
 33023 5 488 228 488 228 488 228 488 267 488 267 488 267 0 3 0 3
 255 5 579 319 579 319 579 319 579 371 579 371 579 371 0 3 0 3
 0 5 566 319 566 319 566 319 566 358 566 358 566 358 0 3 0 3
 8388863 5 423 176 423 176 423 176 462 176 462 176 462 176 0 3 0 3
 8388863 5 462 228 462 228 462 228 462 267 462 267 462 267 0 3 0 3
 8388863 5 462 280 462 280 462 280 514 280 514 280 514 280 0 3 0 3
 16711808 5 241 202 241 202 241 195 436 195 436 202 436 202 0 3 0 3
 16711808 5 436 189 436 189 436 189 475 189 475 189 475 189 0 3 0 3
 16711808 5 475 293 475 293 475 293 527 293 527 293 527 293 0 3 0 3
 33023 5 449 202 449 202 449 202 488 202 488 202 488 202 0 3 0 3
 33023 5 488 306 488 306 488 306 540 306 540 306 540 306 0 3 0 3
 255 5 189 371 189 371 189 400 189 400 198 400 198 400 0 3 0 2
 8388863 5 228 189 228 189 228 182 423 182 423 189 423 189 0 3 0 3
 4227327 5 254 215 254 215 254 208 449 208 449 215 449 215 0 3 0 3
 65280 5 215 319 215 319 215 400 215 400 242 400 242 400 0 3 0 2
 32768 5 527 176 527 176 527 163 560 163 560 91 560 91 0 3 0 5
 32768 5 540 176 540 176 540 176 540 91 540 91 540 91 0 3 0 5
 32768 5 553 176 553 176 553 153 520 153 520 91 520 91 0 3 0 5
 32768 5 566 176 566 176 566 143 500 143 500 91 500 91 0 3 0 5
 32768 5 579 176 579 176 579 131 480 131 480 91 480 91 0 3 0 5
 32768 5 592 176 592 176 592 120 460 120 460 91 460 91 0 3 0 5
 32768 5 605 176 605 176 605 107 440 107 440 91 440 91 0 3 0 5
 32768 5 501 267 501 267 501 267 501 228 501 228 501 228 0 3 0 3
 32768 5 501 176 501 176 501 151 420 151 420 91 420 91 0 3 0 5
 32768 5 501 319 501 319 501 328 592 328 592 319 592 319 0 3 0 3
 8404992 5 423 319 423 319 423 382 553 382 553 319 553 319 0 3 0 3
 8388736 5 397 319 397 319 397 391 636 391 636 461 636 461 0 3 0 6
 8388736 5 384 319 384 319 384 398 617 398 617 461 617 461 0 3 0 6
 8388736 5 371 319 371 319 371 405 598 405 598 461 598 461 0 3 0 6
 8388736 5 358 319 358 319 358 412 579 412 579 461 579 461 0 3 0 6
 8388736 5 371 176 371 176 371 176 345 176 345 176 345 176 0 3 0 3
 8388736 5 345 228 345 228 345 228 345 267 345 267 345 267 0 3 0 3
 8388736 5 345 319 345 319 345 419 560 419 560 461 560 461 0 3 0 6
 8388736 5 384 189 384 189 384 189 332 189 332 189 332 189 0 3 0 3
 8388736 5 332 228 332 228 332 228 332 267 332 267 332 267 0 3 0 3
 8388736 5 332 319 332 319 332 426 541 426 541 461 541 461 0 3 0 6
 8388736 5 397 202 397 202 397 202 319 202 319 202 319 202 0 3 0 3
 8388736 5 319 228 319 228 319 228 319 267 319 267 319 267 0 3 0 3
 8388736 5 319 319 319 319 319 433 522 433 522 461 522 461 0 3 0 6
 8388736 5 410 215 410 215 410 215 306 215 306 215 306 215 0 3 0 3
 8388736 5 306 228 306 228 306 228 306 267 306 267 306 267 0 3 0 3
 8388736 5 306 319 306 319 306 440 503 440 503 461 503 461 0 3 0 6
 255 5 462 461 462 461 462 461 462 371 462 371 462 371 0 6 0 3
 0 5 475 358 475 358 475 519 475 519 462 519 462 519 0 3 0 6
 0 5 385 84 385 84 385 124 385 124 384 124 384 124 0 5 0 3
3
 7161 1 16 196 228 5 0 0 8583448 3
 7151 1 16 352 228 5 0 0 8583448 3
 7138 1 16 508 228 5 0 0 8583448 3
